{
  "advancedEditorSelectedIdentifier" : "ProjectBrowser",
  "openSceneRelativePaths" : [
    "Immersive.usda"
  ],
  "recentIdentifiers" : {
    "AF09ED6F-1707-48FD-8720-65B998362C09" : [

    ]
  },
  "sceneCameraHistory" : {
    "AF09ED6F-1707-48FD-8720-65B998362C09" : [
      {
        "date" : 742400965.299645,
        "title" : "Untitled",
        "transform" : [
          0.9999034,
          -3.3047638e-08,
          0.013898005,
          0,
          -0.0001475331,
          0.9999437,
          0.010617011,
          0,
          -0.0138972355,
          -0.010618054,
          0.999847,
          0,
          -0.028806597,
          1.5099016,
          0.57789016,
          1
        ]
      },
      {
        "date" : 742400917.228026,
        "title" : "Untitled",
        "transform" : [
          0.9999034,
          -3.3047638e-08,
          0.013898005,
          0,
          -0.0001475331,
          0.9999437,
          0.010617011,
          0,
          -0.0138972355,
          -0.010618054,
          0.999847,
          0,
          -0.1261132,
          1.6163177,
          0.57766795,
          1
        ]
      },
      {
        "date" : 742400909.950145,
        "title" : "Untitled",
        "transform" : [
          0.43712512,
          -3.2888046e-08,
          0.89940083,
          0,
          0.14459503,
          0.98699224,
          -0.07027577,
          0,
          -0.8877016,
          0.16076817,
          0.43143904,
          0,
          -0.8480079,
          1.557151,
          -1.3465724,
          1
        ]
      },
      {
        "date" : 742400896.917288,
        "title" : "Untitled",
        "transform" : [
          -0.4544166,
          -3.5019042e-08,
          0.8907892,
          0,
          0.044227634,
          0.9987667,
          0.022561785,
          0,
          -0.88969064,
          0.049649946,
          -0.4538563,
          0,
          -0.41446573,
          1.5740457,
          -2.0185838,
          1
        ]
      },
      {
        "date" : 742400186.974475,
        "title" : "Untitled",
        "transform" : [
          -0.6160626,
          -2.8451716e-08,
          0.7876972,
          0,
          -0.06328482,
          0.99676746,
          -0.049495414,
          0,
          -0.78515095,
          -0.08034151,
          -0.61407113,
          0,
          -2.869818,
          0.39649788,
          -3.732828,
          1
        ]
      },
      {
        "date" : 742400183.083102,
        "title" : "Untitled",
        "transform" : [
          -0.6160626,
          -2.8451716e-08,
          0.7876972,
          0,
          -0.06328482,
          0.99676746,
          -0.049495414,
          0,
          -0.78515095,
          -0.08034151,
          -0.61407113,
          0,
          -1.8515753,
          0.2558161,
          -2.4083798,
          1
        ]
      },
      {
        "date" : 742400177.408471,
        "title" : "Untitled",
        "transform" : [
          -0.6160626,
          -2.8451716e-08,
          0.7876972,
          0,
          -0.06328482,
          0.99676746,
          -0.049495414,
          0,
          -0.78515095,
          -0.08034151,
          -0.61407113,
          0,
          -4.6125045,
          0.63726974,
          -5.9995737,
          1
        ]
      },
      {
        "date" : 742400119.189066,
        "title" : "Untitled",
        "transform" : [
          -0.6160626,
          -2.8451716e-08,
          0.7876972,
          0,
          -0.06328482,
          0.99676746,
          -0.049495414,
          0,
          -0.78515095,
          -0.08034151,
          -0.61407113,
          0,
          0.19460952,
          1.5029293,
          -1.878696,
          1
        ]
      },
      {
        "date" : 742400114.605062,
        "title" : "Untitled",
        "transform" : [
          -0.6027594,
          -3.3480863e-08,
          -0.79792297,
          0,
          0.16614665,
          0.9780811,
          -0.12550895,
          0,
          0.7804335,
          -0.20822392,
          -0.58954763,
          0,
          0.98522973,
          1.4383487,
          -1.8663116,
          1
        ]
      },
      {
        "date" : 742399963.453986,
        "title" : "Untitled",
        "transform" : [
          0.659176,
          -3.3374555e-08,
          0.75198865,
          0,
          -0.1476664,
          0.98053026,
          0.12944101,
          0,
          -0.7373476,
          -0.19636787,
          0.64634204,
          0,
          0.21875,
          1.4443359,
          -1.2421875,
          1
        ]
      }
    ]
  },
  "sceneViewportBackgroundColors" : {

  }
}